241 243 646 244 245 210 210 210 210 246 647 250 649 254 260 261 264 651 210 408 138 874 874 38 559 559 875 875 876 563 563 434 436
241 243 646 244 245 210 210 210 210 246 647 250 649 254 260 261 264 651 210 408 138 874 875 875 876 434 436
244 241 241 245 245 245 651 138 875 876
241 241 243 646 244 244 245 250 649 254 650 650 260 264 243 243 245 245 651 408 138 246 875 261 631 876 874 875 876
241 243 244 245 210 250 254 260 264 646 210 246 647 649 261 210 210 651 408 210 408 138 874 875 876 434 436
241 243 244 245 210 138 246 651 260 260 263 408 631 447 467 373 241 243 244 245 210 138 246 650 260 651 260 408 631 447 467 467 373 250 254 210 210 210 210 210 263 254 243 254 210 138 874 651 408 631 373
243 241 244 245 254 254 651 138 875 241 243 243 244 245 245 260 651 408 138
241 243 244 244 244 245 245 246 254 254 650 651 244 244 244 245 245 246 254 254 210 266 408 138 241 254 254 254 874
631 254 241 254 254 241 651 408 138 624 634 631 254
241 250 241 241 210 241 244 245 245 210 210 210 246 250 254 651 245 408 138 246 874 631 876
241 243 243 244 245 245 245 245 245 245 245 245 245 245 255 650 258 262 210 210 210 210 650 651 408 138 246 246 246 246 246 647 874 250 250 250 250 250 250 250 875 254 254 254 254 254 254 254 254 254 254 254 254 254 254 254 254 254 254 254 254 254 260 261 264 264 631 634 876 876 876 876 876 250 243 245 246 250 250 254 254 254 254 254 254 254 254 254 254 254 254 260 261 264 264 876 876 876 876 876 876 876
245 245 567 408 138 558 210 559 567 408 138 241 241 241 241 241 244 245 245 245 245 210 210 246 250 250 250 254 254 254 254 254 650 260 264 265 651 210 408 138 874 874 874 875 875 875 875 875 875 875 558 210 210 210 559 650 567 408 210 408 631 629 631 876 436 436 436 777 777 777
245 241 243 263 244 210 246 246 246 250 254 254 263 651 244 408 138 260